# oST version 5.0 parameters


[image]

width
1920

height
1080

[narrow_stereo]

camera matrix
701.123948 0.000000 962.403831
0.000000 697.054634 524.406211
0.000000 0.000000 1.000000

distortion
0.013206 -0.013362 -0.000168 0.000592 0.000000

rectification
1.000000 0.000000 0.000000
0.000000 1.000000 0.000000
0.000000 0.000000 1.000000

projection
682.760437 0.000000 965.796705 0.000000
0.000000 699.215088 524.131375 0.000000
0.000000 0.000000 1.000000 0.000000
